0.00000 0.00000 0.00000 1200.00000 0.03610 0.06575 0.23353 0.66461
0.00000 0.00000 120.00000 1080.00000 0.07531 0.08755 0.20436 0.63278
0.00000 0.00000 240.00000 960.00000 0.05560 0.08160 0.19376 0.66905
0.00000 0.00000 360.00000 840.00000 0.08797 0.15582 0.16913 0.58709
0.00000 0.00000 480.00000 720.00000 0.11592 0.23882 0.17379 0.47147
0.00000 0.00000 600.00000 600.00000 0.14175 0.34954 0.13296 0.37575
0.00000 0.00000 720.00000 480.00000 0.13691 0.53791 0.10209 0.22308
0.00000 0.00000 840.00000 360.00000 0.16978 0.58270 0.08669 0.16082
0.00000 0.00000 960.00000 240.00000 0.21355 0.62049 0.04646 0.11950
0.00000 0.00000 1080.00000 120.00000 0.21695 0.69773 0.02854 0.05678
0.00000 0.00000 1200.00000 0.00000 0.26559 0.69591 0.02158 0.01692
0.00000 120.00000 0.00000 1080.00000 0.07794 0.02540 0.21577 0.68089
0.00000 120.00000 120.00000 960.00000 0.04022 0.04250 0.22197 0.69531
0.00000 120.00000 240.00000 840.00000 0.05769 0.15030 0.18104 0.61097
0.00000 120.00000 360.00000 720.00000 0.06592 0.16024 0.15846 0.61538
0.00000 120.00000 480.00000 600.00000 0.13553 0.26239 0.13390 0.46817
0.00000 120.00000 600.00000 480.00000 0.12535 0.40794 0.11865 0.34806
0.00000 120.00000 720.00000 360.00000 0.15136 0.61110 0.08348 0.15405
0.00000 120.00000 840.00000 240.00000 0.18436 0.63802 0.06891 0.10871
0.00000 120.00000 960.00000 120.00000 0.20640 0.67530 0.06611 0.05218
0.00000 120.00000 1080.00000 0.00000 0.21274 0.63538 0.03662 0.11526
0.00000 240.00000 0.00000 960.00000 0.03868 0.02774 0.22130 0.71229
0.00000 240.00000 120.00000 840.00000 0.03454 0.08546 0.23590 0.64411
0.00000 240.00000 240.00000 720.00000 0.06892 0.10747 0.18229 0.64132
0.00000 240.00000 360.00000 600.00000 0.12297 0.15374 0.21144 0.51184
0.00000 240.00000 480.00000 480.00000 0.11516 0.35195 0.13265 0.40024
0.00000 240.00000 600.00000 360.00000 0.15143 0.57878 0.09823 0.17157
0.00000 240.00000 720.00000 240.00000 0.16647 0.65551 0.06600 0.11202
0.00000 240.00000 840.00000 120.00000 0.16503 0.64514 0.05221 0.13762
0.00000 240.00000 960.00000 0.00000 0.20603 0.64312 0.05284 0.09801
0.00000 360.00000 0.00000 840.00000 0.05199 0.01867 0.19278 0.73655
0.00000 360.00000 120.00000 720.00000 0.03997 0.06985 0.20036 0.68982
0.00000 360.00000 240.00000 600.00000 0.11200 0.10003 0.17554 0.61243
0.00000 360.00000 360.00000 480.00000 0.11158 0.23851 0.14258 0.50734
0.00000 360.00000 480.00000 360.00000 0.10281 0.48080 0.11424 0.30215
0.00000 360.00000 600.00000 240.00000 0.16950 0.51792 0.07986 0.23273
0.00000 360.00000 720.00000 120.00000 0.18132 0.58396 0.07554 0.15918
0.00000 360.00000 840.00000 0.00000 0.15948 0.52972 0.17209 0.13871
0.00000 480.00000 0.00000 720.00000 0.03987 0.04159 0.18034 0.73820
0.00000 480.00000 120.00000 600.00000 0.05987 0.06036 0.16409 0.71568
0.00000 480.00000 240.00000 480.00000 0.05983 0.14618 0.13222 0.66176
0.00000 480.00000 360.00000 360.00000 0.10086 0.19907 0.13233 0.56774
0.00000 480.00000 480.00000 240.00000 0.12902 0.41957 0.11933 0.33208
0.00000 480.00000 600.00000 120.00000 0.12904 0.44706 0.13383 0.29008
0.00000 480.00000 720.00000 0.00000 0.15636 0.53720 0.10641 0.20004
0.00000 600.00000 0.00000 600.00000 0.02222 0.02833 0.17356 0.77589
0.00000 600.00000 120.00000 480.00000 0.06126 0.07074 0.15688 0.71112
0.00000 600.00000 240.00000 360.00000 0.07012 0.11234 0.15533 0.66222
0.00000 600.00000 360.00000 240.00000 0.10668 0.19632 0.15614 0.54085
0.00000 600.00000 480.00000 120.00000 0.16344 0.25454 0.15383 0.42818
0.00000 600.00000 600.00000 0.00000 0.13262 0.39337 0.13562 0.33839
0.00000 720.00000 0.00000 480.00000 0.03322 0.07096 0.19577 0.70005
0.00000 720.00000 120.00000 360.00000 0.03027 0.09727 0.17133 0.70113
0.00000 720.00000 240.00000 240.00000 0.08266 0.10848 0.19774 0.61112
0.00000 720.00000 360.00000 120.00000 0.06577 0.15752 0.17371 0.60301
0.00000 720.00000 480.00000 0.00000 0.10182 0.21479 0.15524 0.52815
0.00000 840.00000 0.00000 360.00000 0.03804 0.04287 0.20887 0.71022
0.00000 840.00000 120.00000 240.00000 0.03127 0.07956 0.20230 0.68687
0.00000 840.00000 240.00000 120.00000 0.16000 0.09537 0.17736 0.56726
0.00000 840.00000 360.00000 0.00000 0.07303 0.15888 0.18375 0.58434
0.00000 960.00000 0.00000 240.00000 0.08044 0.02363 0.20824 0.68769
0.00000 960.00000 120.00000 120.00000 0.03116 0.05425 0.20183 0.71275
0.00000 960.00000 240.00000 0.00000 0.05432 0.09972 0.18890 0.65706
0.00000 1080.00000 0.00000 120.00000 0.01498 0.04952 0.24273 0.69277
0.00000 1080.00000 120.00000 0.00000 0.04900 0.06166 0.20017 0.68916
0.00000 1200.00000 0.00000 0.00000 0.02615 0.08173 0.23681 0.65531
120.00000 0.00000 0.00000 1080.00000 0.06985 0.04578 0.20878 0.67558
120.00000 0.00000 120.00000 960.00000 0.02877 0.08051 0.20009 0.69062
120.00000 0.00000 240.00000 840.00000 0.05598 0.08964 0.17924 0.67514
120.00000 0.00000 360.00000 720.00000 0.09236 0.14076 0.15830 0.60858
120.00000 0.00000 480.00000 600.00000 0.13441 0.24950 0.13883 0.47725
120.00000 0.00000 600.00000 480.00000 0.18405 0.44243 0.13399 0.23954
120.00000 0.00000 720.00000 360.00000 0.15869 0.55942 0.09987 0.18202
120.00000 0.00000 840.00000 240.00000 0.18688 0.65382 0.06468 0.09462
120.00000 0.00000 960.00000 120.00000 0.22567 0.67868 0.04834 0.04730
120.00000 0.00000 1080.00000 0.00000 0.21303 0.68885 0.06314 0.03498
120.00000 120.00000 0.00000 960.00000 0.05588 0.05257 0.20554 0.68601
120.00000 120.00000 120.00000 840.00000 0.02471 0.05160 0.21345 0.71024
120.00000 120.00000 240.00000 720.00000 0.05278 0.10866 0.17678 0.66178
120.00000 120.00000 360.00000 600.00000 0.09971 0.18219 0.18138 0.53672
120.00000 120.00000 480.00000 480.00000 0.11051 0.42883 0.12554 0.33512
120.00000 120.00000 600.00000 360.00000 0.18046 0.51558 0.10313 0.20084
120.00000 120.00000 720.00000 240.00000 0.17163 0.66546 0.05690 0.10600
120.00000 120.00000 840.00000 120.00000 0.20831 0.71386 0.03154 0.04629
120.00000 120.00000 960.00000 0.00000 0.21329 0.68580 0.05037 0.05054
120.00000 240.00000 0.00000 840.00000 0.03470 0.05012 0.19937 0.71582
120.00000 240.00000 120.00000 720.00000 0.05496 0.05758 0.18949 0.69797
120.00000 240.00000 240.00000 600.00000 0.06826 0.12815 0.15959 0.64400
120.00000 240.00000 360.00000 480.00000 0.13507 0.24150 0.14947 0.47396
120.00000 240.00000 480.00000 360.00000 0.12404 0.53175 0.11112 0.23309
120.00000 240.00000 600.00000 240.00000 0.19860 0.57506 0.07378 0.15257
120.00000 240.00000 720.00000 120.00000 0.16957 0.64204 0.08981 0.09858
120.00000 240.00000 840.00000 0.00000 0.19249 0.63048 0.05685 0.12018
120.00000 360.00000 0.00000 720.00000 0.04141 0.05166 0.19776 0.70918
120.00000 360.00000 120.00000 600.00000 0.07079 0.05066 0.15665 0.72189
120.00000 360.00000 240.00000 480.00000 0.06240 0.11547 0.17740 0.64473
120.00000 360.00000 360.00000 360.00000 0.09263 0.42219 0.13719 0.34799
120.00000 360.00000 480.00000 240.00000 0.13205 0.57402 0.08415 0.20978
120.00000 360.00000 600.00000 120.00000 0.13114 0.57055 0.10955 0.18876
120.00000 360.00000 720.00000 0.00000 0.16824 0.62463 0.07009 0.13703
120.00000 480.00000 0.00000 600.00000 0.03235 0.06494 0.18650 0.71621
120.00000 480.00000 120.00000 480.00000 0.04866 0.09067 0.15463 0.70604
120.00000 480.00000 240.00000 360.00000 0.08841 0.13611 0.14623 0.62926
120.00000 480.00000 360.00000 240.00000 0.08937 0.25932 0.11508 0.53623
120.00000 480.00000 480.00000 120.00000 0.10637 0.37747 0.14495 0.37120
120.00000 480.00000 600.00000 0.00000 0.13048 0.44467 0.12457 0.30028
120.00000 600.00000 0.00000 480.00000 0.06276 0.05221 0.17766 0.70736
120.00000 600.00000 120.00000 360.00000 0.04915 0.05809 0.17960 0.71317
120.00000 600.00000 240.00000 240.00000 0.08688 0.13863 0.16884 0.60565
120.00000 600.00000 360.00000 120.00000 0.08923 0.18801 0.18720 0.53556
120.00000 600.00000 480.00000 0.00000 0.10255 0.26765 0.17522 0.45457
120.00000 720.00000 0.00000 360.00000 0.05253 0.07435 0.16662 0.70650
120.00000 720.00000 120.00000 240.00000 0.02835 0.05285 0.19553 0.72327
120.00000 720.00000 240.00000 120.00000 0.06771 0.11247 0.22915 0.59067
120.00000 720.00000 360.00000 0.00000 0.09568 0.14300 0.14094 0.62038
120.00000 840.00000 0.00000 240.00000 0.02896 0.07463 0.21250 0.68390
120.00000 840.00000 120.00000 120.00000 0.03097 0.05613 0.20862 0.70428
120.00000 840.00000 240.00000 0.00000 0.05143 0.10242 0.18094 0.66522
120.00000 960.00000 0.00000 120.00000 0.02453 0.06219 0.21673 0.69655
120.00000 960.00000 120.00000 0.00000 0.05834 0.04923 0.20607 0.68637
120.00000 1080.00000 0.00000 0.00000 0.05275 0.04084 0.24027 0.66614
240.00000 0.00000 0.00000 960.00000 0.04816 0.10758 0.22921 0.61505
240.00000 0.00000 120.00000 840.00000 0.06340 0.10151 0.18715 0.64795
240.00000 0.00000 240.00000 720.00000 0.10709 0.10428 0.15699 0.63164
240.00000 0.00000 360.00000 600.00000 0.09722 0.18913 0.14943 0.56422
240.00000 0.00000 480.00000 480.00000 0.11444 0.38416 0.12276 0.37864
240.00000 0.00000 600.00000 360.00000 0.15443 0.55617 0.09070 0.19871
240.00000 0.00000 720.00000 240.00000 0.19142 0.58420 0.12002 0.10437
240.00000 0.00000 840.00000 120.00000 0.19395 0.67065 0.05470 0.08069
240.00000 0.00000 960.00000 0.00000 0.22103 0.66291 0.06071 0.05535
240.00000 120.00000 0.00000 840.00000 0.06009 0.08850 0.20111 0.65031
240.00000 120.00000 120.00000 720.00000 0.04966 0.11292 0.16409 0.67333
240.00000 120.00000 240.00000 600.00000 0.06140 0.11705 0.15594 0.66561
240.00000 120.00000 360.00000 480.00000 0.10016 0.25450 0.16759 0.47775
240.00000 120.00000 480.00000 360.00000 0.11399 0.50756 0.12512 0.25332
240.00000 120.00000 600.00000 240.00000 0.16547 0.65981 0.06449 0.11023
240.00000 120.00000 720.00000 120.00000 0.18621 0.69947 0.03908 0.07524
240.00000 120.00000 840.00000 0.00000 0.20384 0.72485 0.02415 0.04717
240.00000 240.00000 0.00000 720.00000 0.07555 0.10476 0.16692 0.65277
240.00000 240.00000 120.00000 600.00000 0.06755 0.10500 0.16513 0.66232
240.00000 240.00000 240.00000 480.00000 0.10333 0.12919 0.15175 0.61572
240.00000 240.00000 360.00000 360.00000 0.10587 0.30515 0.22291 0.36608
240.00000 240.00000 480.00000 240.00000 0.15337 0.62510 0.07866 0.14287
240.00000 240.00000 600.00000 120.00000 0.16981 0.64886 0.05645 0.12489
240.00000 240.00000 720.00000 0.00000 0.17510 0.67901 0.04994 0.09595
240.00000 360.00000 0.00000 600.00000 0.14751 0.09732 0.15084 0.60433
240.00000 360.00000 120.00000 480.00000 0.05085 0.12159 0.14616 0.68140
240.00000 360.00000 240.00000 360.00000 0.11422 0.24684 0.11459 0.52436
240.00000 360.00000 360.00000 240.00000 0.13569 0.31616 0.16372 0.38443
240.00000 360.00000 480.00000 120.00000 0.11880 0.52738 0.09910 0.25471
240.00000 360.00000 600.00000 0.00000 0.16104 0.55359 0.09117 0.19420
240.00000 480.00000 0.00000 480.00000 0.06011 0.13333 0.13486 0.67170
240.00000 480.00000 120.00000 360.00000 0.08132 0.13139 0.15815 0.62914
240.00000 480.00000 240.00000 240.00000 0.10359 0.17862 0.11312 0.60466
240.00000 480.00000 360.00000 120.00000 0.07708 0.30171 0.11786 0.50335
240.00000 480.00000 480.00000 0.00000 0.12143 0.37000 0.17439 0.33417
240.00000 600.00000 0.00000 360.00000 0.08513 0.11228 0.16559 0.63700
240.00000 600.00000 120.00000 240.00000 0.09229 0.10581 0.17331 0.62859
240.00000 600.00000 240.00000 120.00000 0.06254 0.11180 0.15604 0.66962
240.00000 600.00000 360.00000 0.00000 0.08409 0.18442 0.14185 0.58964
240.00000 720.00000 0.00000 240.00000 0.05997 0.09572 0.15360 0.69072
240.00000 720.00000 120.00000 120.00000 0.04412 0.09380 0.17134 0.69073
240.00000 720.00000 240.00000 0.00000 0.09121 0.11913 0.17623 0.61344
240.00000 840.00000 0.00000 120.00000 0.09044 0.11711 0.21415 0.57830
240.00000 840.00000 120.00000 0.00000 0.07133 0.09149 0.20294 0.63424
240.00000 960.00000 0.00000 0.00000 0.06679 0.08876 0.21626 0.62818
360.00000 0.00000 0.00000 840.00000 0.07808 0.13239 0.19357 0.59596
360.00000 0.00000 120.00000 720.00000 0.07068 0.14902 0.17065 0.60965
360.00000 0.00000 240.00000 600.00000 0.10602 0.20863 0.15099 0.53436
360.00000 0.00000 360.00000 480.00000 0.08777 0.25409 0.20214 0.45600
360.00000 0.00000 480.00000 360.00000 0.15298 0.45644 0.13373 0.25684
360.00000 0.00000 600.00000 240.00000 0.14577 0.67636 0.06898 0.10889
360.00000 0.00000 720.00000 120.00000 0.21215 0.68532 0.05776 0.04478
360.00000 0.00000 840.00000 0.00000 0.22369 0.63705 0.03361 0.10565
360.00000 120.00000 0.00000 720.00000 0.08144 0.19274 0.17288 0.55294
360.00000 120.00000 120.00000 600.00000 0.12782 0.22749 0.15343 0.49126
360.00000 120.00000 240.00000 480.00000 0.07936 0.24822 0.13306 0.53937
360.00000 120.00000 360.00000 360.00000 0.09845 0.44824 0.16868 0.28463
360.00000 120.00000 480.00000 240.00000 0.12510 0.65756 0.06506 0.15228
360.00000 120.00000 600.00000 120.00000 0.18037 0.70760 0.04071 0.07133
360.00000 120.00000 720.00000 0.00000 0.17790 0.70380 0.04390 0.07441
360.00000 240.00000 0.00000 600.00000 0.08788 0.21690 0.15584 0.53938
360.00000 240.00000 120.00000 480.00000 0.10351 0.19223 0.15907 0.54519
360.00000 240.00000 240.00000 360.00000 0.09627 0.41558 0.11689 0.37125
360.00000 240.00000 360.00000 240.00000 0.14518 0.54414 0.06893 0.24175
360.00000 240.00000 480.00000 120.00000 0.13628 0.60119 0.09357 0.16896
360.00000 240.00000 600.00000 0.00000 0.19316 0.62819 0.06496 0.11369
360.00000 360.00000 0.00000 480.00000 0.14388 0.26619 0.14336 0.44656
360.00000 360.00000 120.00000 360.00000 0.09616 0.30475 0.08885 0.51024
360.00000 360.00000 240.00000 240.00000 0.12066 0.41095 0.14895 0.31944
360.00000 360.00000 360.00000 120.00000 0.10270 0.32886 0.15053 0.41791
360.00000 360.00000 480.00000 0.00000 0.14987 0.45803 0.11059 0.28151
360.00000 480.00000 0.00000 360.00000 0.09044 0.24014 0.13837 0.53105
360.00000 480.00000 120.00000 240.00000 0.08759 0.25549 0.13378 0.52315
360.00000 480.00000 240.00000 120.00000 0.09523 0.23709 0.12864 0.53904
360.00000 480.00000 360.00000 0.00000 0.09947 0.27149 0.12446 0.50458
360.00000 600.00000 0.00000 240.00000 0.07504 0.18981 0.14855 0.58660
360.00000 600.00000 120.00000 120.00000 0.10237 0.18113 0.14552 0.57098
360.00000 600.00000 240.00000 0.00000 0.12069 0.20658 0.13848 0.53425
360.00000 720.00000 0.00000 120.00000 0.06849 0.16730 0.16220 0.60200
360.00000 720.00000 120.00000 0.00000 0.08050 0.17202 0.16227 0.58522
360.00000 840.00000 0.00000 0.00000 0.09397 0.14165 0.17403 0.59036
480.00000 0.00000 0.00000 720.00000 0.09561 0.22629 0.14983 0.52827
480.00000 0.00000 120.00000 600.00000 0.13490 0.25848 0.16199 0.44462
480.00000 0.00000 240.00000 480.00000 0.12350 0.31482 0.11654 0.44514
480.00000 0.00000 360.00000 360.00000 0.13853 0.48751 0.08061 0.29335
480.00000 0.00000 480.00000 240.00000 0.12837 0.66438 0.07722 0.13003
480.00000 0.00000 600.00000 120.00000 0.15783 0.72112 0.05453 0.06652
480.00000 0.00000 720.00000 0.00000 0.19820 0.74493 0.02959 0.02729
480.00000 120.00000 0.00000 600.00000 0.10777 0.28018 0.13006 0.48199
480.00000 120.00000 120.00000 480.00000 0.12840 0.38507 0.14159 0.34493
480.00000 120.00000 240.00000 360.00000 0.12682 0.54972 0.10210 0.22136
480.00000 120.00000 360.00000 240.00000 0.12589 0.60943 0.12422 0.14047
480.00000 120.00000 480.00000 120.00000 0.16569 0.71550 0.04780 0.07101
480.00000 120.00000 600.00000 0.00000 0.22679 0.66948 0.03459 0.06913
480.00000 240.00000 0.00000 480.00000 0.13806 0.36019 0.14845 0.35330
480.00000 240.00000 120.00000 360.00000 0.13576 0.48082 0.12793 0.25550
480.00000 240.00000 240.00000 240.00000 0.13719 0.62331 0.07046 0.16904
480.00000 240.00000 360.00000 120.00000 0.15457 0.64532 0.06893 0.13118
480.00000 240.00000 480.00000 0.00000 0.19878 0.58154 0.08196 0.13773
480.00000 360.00000 0.00000 360.00000 0.14612 0.47282 0.10804 0.27303
480.00000 360.00000 120.00000 240.00000 0.16099 0.52291 0.10748 0.20862
480.00000 360.00000 240.00000 120.00000 0.14671 0.52619 0.10653 0.22057
480.00000 360.00000 360.00000 0.00000 0.17685 0.44301 0.12156 0.25859
480.00000 480.00000 0.00000 240.00000 0.13569 0.38580 0.12074 0.35777
480.00000 480.00000 120.00000 120.00000 0.10386 0.40671 0.14481 0.34463
480.00000 480.00000 240.00000 0.00000 0.11225 0.39612 0.14032 0.35131
480.00000 600.00000 0.00000 120.00000 0.10844 0.29656 0.15772 0.43727
480.00000 600.00000 120.00000 0.00000 0.10425 0.30116 0.17836 0.41623
480.00000 720.00000 0.00000 0.00000 0.09376 0.23814 0.14936 0.51875
600.00000 0.00000 0.00000 600.00000 0.13245 0.35739 0.14165 0.36851
600.00000 0.00000 120.00000 480.00000 0.16148 0.47492 0.10083 0.26277
600.00000 0.00000 240.00000 360.00000 0.14722 0.59719 0.07164 0.18395
600.00000 0.00000 360.00000 240.00000 0.14516 0.66025 0.07887 0.11571
600.00000 0.00000 480.00000 120.00000 0.16575 0.70751 0.06247 0.06426
600.00000 0.00000 600.00000 0.00000 0.19557 0.70884 0.05470 0.04089
600.00000 120.00000 0.00000 480.00000 0.12056 0.49390 0.11404 0.27149
600.00000 120.00000 120.00000 360.00000 0.14144 0.47441 0.18352 0.20062
600.00000 120.00000 240.00000 240.00000 0.21897 0.54876 0.11270 0.11957
600.00000 120.00000 360.00000 120.00000 0.15431 0.70789 0.05860 0.07920
600.00000 120.00000 480.00000 0.00000 0.15467 0.68846 0.05431 0.10257
600.00000 240.00000 0.00000 360.00000 0.17242 0.52941 0.10172 0.19646
600.00000 240.00000 120.00000 240.00000 0.16564 0.63579 0.06701 0.13156
600.00000 240.00000 240.00000 120.00000 0.16601 0.63852 0.07482 0.12066
600.00000 240.00000 360.00000 0.00000 0.15536 0.54320 0.10524 0.19620
600.00000 360.00000 0.00000 240.00000 0.17215 0.57931 0.08300 0.16554
600.00000 360.00000 120.00000 120.00000 0.14479 0.52484 0.13968 0.19069
600.00000 360.00000 240.00000 0.00000 0.15534 0.55724 0.08484 0.20258
600.00000 480.00000 0.00000 120.00000 0.14682 0.45180 0.09135 0.31003
600.00000 480.00000 120.00000 0.00000 0.18542 0.48578 0.09402 0.23478
600.00000 600.00000 0.00000 0.00000 0.18740 0.31492 0.12696 0.37072
720.00000 0.00000 0.00000 480.00000 0.18178 0.50709 0.08955 0.22158
720.00000 0.00000 120.00000 360.00000 0.16171 0.58985 0.08662 0.16183
720.00000 0.00000 240.00000 240.00000 0.17786 0.66169 0.06050 0.09995
720.00000 0.00000 360.00000 120.00000 0.16456 0.69730 0.08543 0.05270
720.00000 0.00000 480.00000 0.00000 0.20549 0.72748 0.03726 0.02977
720.00000 120.00000 0.00000 360.00000 0.15555 0.58894 0.08290 0.17260
720.00000 120.00000 120.00000 240.00000 0.17509 0.66126 0.05942 0.10422
720.00000 120.00000 240.00000 120.00000 0.19490 0.70593 0.04248 0.05669
720.00000 120.00000 360.00000 0.00000 0.20228 0.67232 0.06409 0.06131
720.00000 240.00000 0.00000 240.00000 0.15782 0.64972 0.05659 0.13587
720.00000 240.00000 120.00000 120.00000 0.16289 0.67222 0.06095 0.10395
720.00000 240.00000 240.00000 0.00000 0.15963 0.60826 0.11840 0.11372
720.00000 360.00000 0.00000 120.00000 0.15686 0.60949 0.08214 0.15151
720.00000 360.00000 120.00000 0.00000 0.14532 0.59304 0.08130 0.18035
720.00000 480.00000 0.00000 0.00000 0.15428 0.52427 0.09679 0.22466
840.00000 0.00000 0.00000 360.00000 0.18474 0.55452 0.10313 0.15760
840.00000 0.00000 120.00000 240.00000 0.19705 0.61737 0.06216 0.12341
840.00000 0.00000 240.00000 120.00000 0.20098 0.66762 0.06033 0.07108
840.00000 0.00000 360.00000 0.00000 0.21919 0.70106 0.06272 0.01703
840.00000 120.00000 0.00000 240.00000 0.17607 0.66332 0.07852 0.08209
840.00000 120.00000 120.00000 120.00000 0.18965 0.70233 0.05988 0.04814
840.00000 120.00000 240.00000 0.00000 0.18636 0.72440 0.02966 0.05958
840.00000 240.00000 0.00000 120.00000 0.20142 0.65600 0.04810 0.09448
840.00000 240.00000 120.00000 0.00000 0.19301 0.67264 0.04563 0.08872
840.00000 360.00000 0.00000 0.00000 0.17429 0.54916 0.14505 0.13150
960.00000 0.00000 0.00000 240.00000 0.20206 0.63274 0.05630 0.10889
960.00000 0.00000 120.00000 120.00000 0.21610 0.65441 0.03900 0.09049
960.00000 0.00000 240.00000 0.00000 0.23274 0.73103 0.02600 0.01022
960.00000 120.00000 0.00000 120.00000 0.20876 0.69476 0.05053 0.04595
960.00000 120.00000 120.00000 0.00000 0.20001 0.58431 0.05945 0.15622
960.00000 240.00000 0.00000 0.00000 0.20250 0.62767 0.05522 0.11461
1080.00000 0.00000 0.00000 120.00000 0.22563 0.69261 0.02665 0.05511
1080.00000 0.00000 120.00000 0.00000 0.22605 0.67085 0.03419 0.06892
1080.00000 120.00000 0.00000 0.00000 0.23733 0.64804 0.06171 0.05292
1200.00000 0.00000 0.00000 0.00000 0.25276 0.68001 0.04206 0.02516
