0.00000 0.00000 0.50316 0.49684
0.00000 20.00000 0.50176 0.49824
0.00000 40.00000 0.50162 0.49838
0.00000 60.00000 0.49945 0.50055
0.00000 80.00000 0.49799 0.50201
0.00000 100.00000 0.46000 0.54000
0.00000 120.00000 0.32355 0.67645
0.00000 140.00000 0.24912 0.75088
0.00000 160.00000 0.13579 0.86421
0.00000 180.00000 0.03515 0.96485
0.00000 200.00000 0.03833 0.96167
20.00000 0.00000 0.49945 0.50055
20.00000 20.00000 0.48823 0.51177
20.00000 40.00000 0.50206 0.49794
20.00000 60.00000 0.50045 0.49955
20.00000 80.00000 0.49169 0.50831
20.00000 100.00000 0.44323 0.55677
20.00000 120.00000 0.32235 0.67765
20.00000 140.00000 0.23918 0.76082
20.00000 160.00000 0.16040 0.83960
20.00000 180.00000 0.08354 0.91646
20.00000 200.00000 0.05154 0.94846
40.00000 0.00000 0.50089 0.49911
40.00000 20.00000 0.50106 0.49894
40.00000 40.00000 0.50105 0.49895
40.00000 60.00000 0.49901 0.50099
40.00000 80.00000 0.49933 0.50067
40.00000 100.00000 0.43470 0.56530
40.00000 120.00000 0.28925 0.71075
40.00000 140.00000 0.24554 0.75446
40.00000 160.00000 0.20792 0.79208
40.00000 180.00000 0.17296 0.82704
40.00000 200.00000 0.11577 0.88423
60.00000 0.00000 0.50630 0.49370
60.00000 20.00000 0.50387 0.49613
60.00000 40.00000 0.50234 0.49766
60.00000 60.00000 0.49111 0.50889
60.00000 80.00000 0.49662 0.50338
60.00000 100.00000 0.42821 0.57179
60.00000 120.00000 0.33977 0.66023
60.00000 140.00000 0.29050 0.70950
60.00000 160.00000 0.25024 0.74976
60.00000 180.00000 0.19986 0.80014
60.00000 200.00000 0.16926 0.83074
80.00000 0.00000 0.50145 0.49855
80.00000 20.00000 0.50367 0.49633
80.00000 40.00000 0.49719 0.50281
80.00000 60.00000 0.49960 0.50040
80.00000 80.00000 0.50052 0.49948
80.00000 100.00000 0.45921 0.54079
80.00000 120.00000 0.39326 0.60674
80.00000 140.00000 0.35054 0.64946
80.00000 160.00000 0.30300 0.69700
80.00000 180.00000 0.26315 0.73685
80.00000 200.00000 0.21106 0.78894
100.00000 0.00000 0.53928 0.46072
100.00000 20.00000 0.63715 0.36285
100.00000 40.00000 0.54748 0.45252
100.00000 60.00000 0.62718 0.37282
100.00000 80.00000 0.53909 0.46091
100.00000 100.00000 0.51511 0.48489
100.00000 120.00000 0.46388 0.53612
100.00000 140.00000 0.40688 0.59312
100.00000 160.00000 0.34731 0.65269
100.00000 180.00000 0.30852 0.69148
100.00000 200.00000 0.26127 0.73873
120.00000 0.00000 0.67555 0.32445
120.00000 20.00000 0.64351 0.35649
120.00000 40.00000 0.67864 0.32136
120.00000 60.00000 0.61896 0.38104
120.00000 80.00000 0.59228 0.40772
120.00000 100.00000 0.56260 0.43740
120.00000 120.00000 0.48510 0.51490
120.00000 140.00000 0.46491 0.53509
120.00000 160.00000 0.39460 0.60540
120.00000 180.00000 0.35014 0.64986
120.00000 200.00000 0.31036 0.68964
140.00000 0.00000 0.76786 0.23214
140.00000 20.00000 0.76651 0.23349
140.00000 40.00000 0.76207 0.23793
140.00000 60.00000 0.68481 0.31519
140.00000 80.00000 0.65120 0.34880
140.00000 100.00000 0.59898 0.40102
140.00000 120.00000 0.53525 0.46475
140.00000 140.00000 0.49696 0.50304
140.00000 160.00000 0.44372 0.55628
140.00000 180.00000 0.42310 0.57690
140.00000 200.00000 0.36425 0.63575
160.00000 0.00000 0.86812 0.13188
160.00000 20.00000 0.87889 0.12111
160.00000 40.00000 0.78403 0.21597
160.00000 60.00000 0.72863 0.27137
160.00000 80.00000 0.67746 0.32254
160.00000 100.00000 0.62071 0.37929
160.00000 120.00000 0.60267 0.39733
160.00000 140.00000 0.53054 0.46946
160.00000 160.00000 0.48611 0.51389
160.00000 180.00000 0.46393 0.53607
160.00000 200.00000 0.39560 0.60440
180.00000 0.00000 0.95720 0.04280
180.00000 20.00000 0.91499 0.08501
180.00000 40.00000 0.85424 0.14576
180.00000 60.00000 0.79359 0.20641
180.00000 80.00000 0.73187 0.26813
180.00000 100.00000 0.69301 0.30699
180.00000 120.00000 0.64567 0.35433
180.00000 140.00000 0.60551 0.39449
180.00000 160.00000 0.54073 0.45927
180.00000 180.00000 0.49079 0.50921
180.00000 200.00000 0.45849 0.54151
200.00000 0.00000 0.96616 0.03384
200.00000 20.00000 0.94780 0.05220
200.00000 40.00000 0.88466 0.11534
200.00000 60.00000 0.83066 0.16934
200.00000 80.00000 0.78881 0.21119
200.00000 100.00000 0.71146 0.28854
200.00000 120.00000 0.68912 0.31088
200.00000 140.00000 0.65385 0.34615
200.00000 160.00000 0.60825 0.39175
200.00000 180.00000 0.56086 0.43914
200.00000 200.00000 0.50477 0.49523
